chr	start	end	num_reads	A	A_Frac	G	G_Frac	C	C_Frac	T	T_Frac
chr1	4307263	4307264	650	13	2.0	637	98.0	0	0.0	0	0.0
chr1	47333967	47333968	125	0	0.0	8	6.4	117	93.60000000000001	0	0.0
chr1	86635692	86635693	470	0	0.0	452	96.17021276595744	18	3.829787234042553	0	0.0
chr1	107441476	107441477	524	22	4.198473282442748	502	95.80152671755725	0	0.0	0	0.0
chr1	160816880	160816881	622	599	96.30225080385853	23	3.697749196141479	0	0.0	0	0.0
chr1	233312667	233312668	379	0	0.0	0	0.0	18	4.749340369393139	361	95.25065963060686
chr1	247588717	247588718	458	0	0.0	447	97.59825327510917	11	2.4017467248908297	0	0.0
chr2	59773585	59773586	391	0	0.0	0	0.0	29	7.41687979539642	362	92.58312020460357
chr2	181548532	181548533	421	20	4.750593824228028	401	95.24940617577197	0	0.0	0	0.0
chr2	219514838	219514839	469	0	0.0	20	4.264392324093817	449	95.73560767590618	0	0.0
chr2	237350171	237350172	721	0	0.0	693	96.11650485436894	28	3.8834951456310676	0	0.0
chr3	14714065	14714066	636	35	5.50314465408805	601	94.49685534591194	0	0.0	0	0.0
chr4	46327706	46327707	524	14	2.6717557251908395	0	0.0	0	0.0	510	97.32824427480917
chr4	57840689	57840690	516	0	0.0	485	93.9922480620155	31	6.007751937984496	0	0.0
chr4	87494484	87494485	588	0	0.0	24	4.081632653061225	564	95.91836734693877	0	0.0
chr4	185458745	185458746	574	0	0.0	551	95.99303135888502	23	4.006968641114982	0	0.0
chr5	55664859	55664860	519	0	0.0	0	0.0	503	96.91714836223507	16	3.0828516377649327
chr5	141152165	141152166	390	0	0.0	17	4.358974358974359	373	95.64102564102565	0	0.0
chr6	52752933	52752934	547	0	0.0	516	94.3327239488117	31	5.6672760511883	0	0.0
chr6	55290906	55290907	393	6	1.5267175572519083	0	0.0	387	98.47328244274809	0	0.0
chr6	75950834	75950835	535	0	0.0	28	5.233644859813085	507	94.76635514018692	0	0.0
chr6	127142231	127142232	407	13	3.194103194103194	0	0.0	394	96.80589680589681	0	0.0
chr7	3987312	3987313	652	0	0.0	627	96.16564417177914	25	3.834355828220859	0	0.0
chr7	106039105	106039106	478	470	98.32635983263597	8	1.6736401673640167	0	0.0	0	0.0
chr7	137345092	137345093	547	0	0.0	0	0.0	516	94.3327239488117	31	5.6672760511883
chr10	25412412	25412413	603	0	0.0	26	4.311774461028192	577	95.6882255389718	0	0.0
chr10	125026145	125026146	457	0	0.0	427	93.43544857768052	30	6.564551422319474	0	0.0
chr11	65862463	65862464	456	0	0.0	444	97.36842105263158	12	2.631578947368421	0	0.0
chr12	56433910	56433911	617	0	0.0	582	94.32739059967585	35	5.6726094003241485	0	0.0
chr12	130277151	130277152	521	26	4.990403071017274	495	95.00959692898272	0	0.0	0	0.0
chr12	130456605	130456606	631	0	0.0	611	96.83042789223455	20	3.1695721077654517	0	0.0
chr13	72775221	72775222	508	0	0.0	21	4.133858267716536	487	95.86614173228347	0	0.0
chr13	99385979	99385980	612	39	6.372549019607843	573	93.62745098039215	0	0.0	0	0.0
chr14	30885890	30885891	502	0	0.0	18	3.5856573705179287	484	96.41434262948208	0	0.0
chr19	7921753	7921754	292	0	0.0	26	8.904109589041095	266	91.0958904109589	0	0.0
chr19	39069167	39069168	633	597	94.3127962085308	0	0.0	36	5.687203791469194	0	0.0
chr19	41433392	41433393	415	0	0.0	385	92.7710843373494	30	7.228915662650602	0	0.0
chr19	43798914	43798915	436	0	0.0	427	97.93577981651376	9	2.064220183486239	0	0.0
chr19	44477666	44477667	389	0	0.0	376	96.65809768637533	13	3.3419023136246784	0	0.0
chr19	49401772	49401773	497	0	0.0	0	0.0	12	2.414486921529175	485	97.58551307847083
chr20	16260771	16260772	527	492	93.35863377609108	35	6.641366223908918	0	0.0	0	0.0
chr20	63562677	63562678	483	0	0.0	27	5.590062111801243	455	94.20289855072464	1	0.2070393374741201
chr21	46430570	46430571	570	0	0.0	556	97.54385964912281	14	2.456140350877193	0	0.0
chr22	31095309	31095310	571	1	0.17513134851138354	549	96.14711033274956	21	3.677758318739054	0	0.0
chr22	45426007	45426008	598	573	95.81939799331104	25	4.1806020066889635	0	0.0	0	0.0
Min Read Depth Required: 100
Fetal Fraction Estimate: 8.787638789113345
Fetal StdDev: 3.324466469778407
No. Informative SNPS at Min Read Depth: 45
Informative SNP defined as >2% and <40% Fetal Fraction
