chr	start	end	num_reads	A	A_Frac	G	G_Frac	C	C_Frac	T	T_Frac
chr1	4307263	4307264	151	7	4.635761589403973	144	95.36423841059603	0	0.0	0	0.0
chr1	86635692	86635693	126	0	0.0	118	93.65079365079364	8	6.349206349206349	0	0.0
chr1	107441476	107441477	119	14	11.76470588235294	105	88.23529411764706	0	0.0	0	0.0
chr1	160816880	160816881	166	156	93.97590361445783	10	6.024096385542169	0	0.0	0	0.0
chr2	237350171	237350172	156	0	0.0	140	89.74358974358975	16	10.256410256410255	0	0.0
chr3	14714065	14714066	147	17	11.564625850340136	130	88.43537414965986	0	0.0	0	0.0
chr4	46327706	46327707	118	6	5.084745762711865	0	0.0	0	0.0	112	94.91525423728814
chr4	57840689	57840690	119	0	0.0	109	91.59663865546219	10	8.403361344537815	0	0.0
chr4	87494484	87494485	142	0	0.0	11	7.746478873239436	131	92.25352112676056	0	0.0
chr4	185458745	185458746	128	0	0.0	120	93.75	8	6.25	0	0.0
chr5	55664859	55664860	128	0	0.0	0	0.0	122	95.3125	6	4.6875
chr6	52752933	52752934	108	0	0.0	101	93.51851851851852	7	6.481481481481481	0	0.0
chr6	75950834	75950835	121	0	0.0	14	11.570247933884298	107	88.42975206611571	0	0.0
chr7	3987312	3987313	135	0	0.0	121	89.62962962962962	14	10.37037037037037	0	0.0
chr7	106039105	106039106	103	101	98.05825242718447	2	1.9417475728155338	0	0.0	0	0.0
chr10	25412412	25412413	121	0	0.0	5	4.132231404958678	116	95.86776859504133	0	0.0
chr10	125026145	125026146	138	0	0.0	123	89.13043478260869	15	10.869565217391305	0	0.0
chr11	65862463	65862464	121	0	0.0	117	96.69421487603306	4	3.3057851239669422	0	0.0
chr12	56433910	56433911	155	0	0.0	135	87.09677419354838	20	12.903225806451612	0	0.0
chr12	130277151	130277152	123	11	8.94308943089431	112	91.05691056910568	0	0.0	0	0.0
chr13	72775221	72775222	102	0	0.0	7	6.862745098039216	95	93.13725490196079	0	0.0
chr13	99385979	99385980	146	24	16.43835616438356	122	83.56164383561644	0	0.0	0	0.0
chr14	30885890	30885891	126	0	0.0	4	3.1746031746031744	122	96.82539682539682	0	0.0
chr19	7921753	7921754	110	0	0.0	14	12.727272727272727	96	87.27272727272727	0	0.0
chr19	39069167	39069168	132	115	87.12121212121212	0	0.0	17	12.878787878787879	0	0.0
chr19	43798914	43798915	106	0	0.0	101	95.28301886792453	5	4.716981132075472	0	0.0
chr19	44477666	44477667	138	0	0.0	129	93.47826086956522	9	6.521739130434782	0	0.0
chr19	49401772	49401773	117	0	0.0	0	0.0	7	5.982905982905983	110	94.01709401709401
chr20	16260771	16260772	124	111	89.51612903225806	13	10.483870967741936	0	0.0	0	0.0
chr20	63562677	63562678	144	0	0.0	12	8.333333333333332	131	90.97222222222221	1	0.6944444444444444
chr21	46430570	46430571	156	0	0.0	151	96.7948717948718	5	3.205128205128205	0	0.0
chr22	31095309	31095310	136	0	0.0	130	95.58823529411765	6	4.411764705882353	0	0.0
chr22	45426007	45426008	125	113	90.4	12	9.6	0	0.0	0	0.0
Min Read Depth Required: 100
Fetal Fraction Estimate: 15.674068190093823
Fetal StdDev: 7.097619348607073
No. Informative SNPS at Min Read Depth: 33
Informative SNP defined as >2% and <40% Fetal Fraction
