chr	start	end	num_reads	A	A_Frac	G	G_Frac	C	C_Frac	T	T_Frac
chr1	4307263	4307264	872	23	2.637614678899083	849	97.36238532110092	0	0.0	0	0.0
chr1	13828907	13828908	855	40	4.678362573099415	815	95.32163742690058	0	0.0	0	0.0
chr1	107441476	107441477	594	569	95.7912457912458	25	4.208754208754209	0	0.0	0	0.0
chr1	233905676	233905677	849	0	0.0	823	96.93757361601885	26	3.0624263839811543	0	0.0
chr2	59773585	59773586	431	0	0.0	0	0.0	407	94.43155452436194	24	5.56844547563805
chr2	85542588	85542589	646	0	0.0	616	95.3560371517028	30	4.643962848297214	0	0.0
chr2	214780740	214780741	623	0	0.0	24	3.8523274478330656	599	96.14767255216692	0	0.0
chr2	218737776	218737777	883	0	0.0	854	96.71574178935447	29	3.2842582106455263	0	0.0
chr2	219514838	219514839	749	0	0.0	32	4.2723631508678235	717	95.72763684913218	0	0.0
chr3	14714065	14714066	719	692	96.24478442280946	27	3.7552155771905427	0	0.0	0	0.0
chr3	114086132	114086133	576	552	95.83333333333334	24	4.166666666666666	0	0.0	0	0.0
chr3	193489591	193489592	560	0	0.0	0	0.0	18	3.214285714285714	542	96.78571428571429
chr4	57840689	57840690	565	0	0.0	26	4.601769911504425	539	95.39823008849557	0	0.0
chr4	87494484	87494485	703	0	0.0	21	2.987197724039829	682	97.01280227596017	0	0.0
chr5	76637140	76637141	614	1	0.16286644951140067	24	3.908794788273615	589	95.92833876221498	0	0.0
chr5	114658074	114658075	597	0	0.0	0	0.0	568	95.14237855946399	29	4.857621440536013
chr5	160060946	160060947	684	661	96.6374269005848	23	3.3625730994152043	0	0.0	0	0.0
chr5	170308916	170308917	404	390	96.53465346534654	0	0.0	14	3.4653465346534658	0	0.0
chr5	177436518	177436519	567	0	0.0	24	4.232804232804233	543	95.76719576719577	0	0.0
chr5	179263724	179263725	651	622	95.54531490015361	29	4.45468509984639	0	0.0	0	0.0
chr5	180619344	180619345	589	0	0.0	24	4.074702886247878	565	95.92529711375212	0	0.0
chr6	26509102	26509103	789	0	0.0	755	95.69074778200253	34	4.309252217997465	0	0.0
chr6	52752933	52752934	627	0	0.0	25	3.9872408293460926	602	96.01275917065391	0	0.0
chr6	93827537	93827538	109	0	0.0	0	0.0	21	19.26605504587156	88	80.73394495412845
chr6	123573833	123573834	395	381	96.45569620253166	0	0.0	14	3.5443037974683547	0	0.0
chr6	125957084	125957085	444	0	0.0	21	4.72972972972973	423	95.27027027027027	0	0.0
chr6	138092196	138092197	724	0	0.0	705	97.37569060773481	19	2.6243093922651934	0	0.0
chr7	3987312	3987313	753	0	0.0	722	95.88313413014609	31	4.116865869853918	0	0.0
chr7	20141094	20141095	482	0	0.0	13	2.6970954356846475	469	97.30290456431536	0	0.0
chr7	24109673	24109674	332	0	0.0	315	94.87951807228916	17	5.120481927710843	0	0.0
chr7	106039105	106039106	795	767	96.47798742138365	28	3.5220125786163523	0	0.0	0	0.0
chr7	140380287	140380288	789	0	0.0	20	2.5348542458808616	769	97.46514575411915	0	0.0
chr8	135826986	135826987	830	801	96.50602409638554	0	0.0	29	3.493975903614458	0	0.0
chr9	2718534	2718535	580	0	0.0	546	94.13793103448276	34	5.862068965517241	0	0.0
chr9	8389364	8389365	659	0	0.0	631	95.75113808801214	28	4.24886191198786	0	0.0
chr10	17151347	17151348	311	5	1.607717041800643	306	98.39228295819936	0	0.0	0	0.0
chr10	21125963	21125964	802	0	0.0	26	3.2418952618453867	776	96.75810473815461	0	0.0
chr10	38055772	38055773	641	0	0.0	617	96.25585023400937	24	3.74414976599064	0	0.0
chr10	88583080	88583081	551	0	0.0	523	94.91833030852995	28	5.081669691470054	0	0.0
chr10	95412838	95412839	840	0	0.0	0	0.0	33	3.9285714285714284	807	96.07142857142857
chr11	60933664	60933665	782	0	0.0	747	95.5242966751918	34	4.3478260869565215	1	0.1278772378516624
chr12	14503834	14503835	596	0	0.0	578	96.97986577181209	18	3.0201342281879198	0	0.0
chr12	56433910	56433911	836	0	0.0	795	95.09569377990431	41	4.904306220095694	0	0.0
chr15	79523815	79523816	872	839	96.21559633027523	33	3.784403669724771	0	0.0	0	0.0
chr17	7557200	7557201	667	0	0.0	39	5.847076461769116	628	94.15292353823088	0	0.0
chr17	43134805	43134806	775	0	0.0	37	4.774193548387097	0	0.0	738	95.22580645161291
chr17	43189967	43189968	747	725	97.05488621151271	22	2.9451137884872822	0	0.0	0	0.0
chr17	43614158	43614159	734	704	95.91280653950953	30	4.087193460490464	0	0.0	0	0.0
chr17	50548567	50548568	790	0	0.0	756	95.69620253164557	34	4.30379746835443	0	0.0
chr17	73236742	73236743	799	0	0.0	766	95.86983729662077	33	4.130162703379224	0	0.0
chr18	49844644	49844645	826	0	0.0	801	96.97336561743342	25	3.026634382566586	0	0.0
chr18	75769622	75769623	542	0	0.0	0	0.0	527	97.23247232472325	14	2.5830258302583027
chr19	39069167	39069168	649	617	95.0693374422188	0	0.0	32	4.930662557781202	0	0.0
chr19	44477666	44477667	494	0	0.0	474	95.95141700404858	20	4.048582995951417	0	0.0
chr21	46430570	46430571	851	0	0.0	42	4.935370152761457	808	94.94712103407755	1	0.11750881316098707
chr22	19933123	19933124	835	0	0.0	35	4.191616766467066	800	95.80838323353294	0	0.0
chr22	33163522	33163523	735	701	95.37414965986395	0	0.0	0	0.0	34	4.625850340136054
Min Read Depth Required: 100
Fetal Fraction Estimate: 8.471482117770416
Fetal StdDev: 4.408669301081955
No. Informative SNPS at Min Read Depth: 57
Informative SNP defined as >2% and <40% Fetal Fraction
